18189547000142
08718431000108
30723871000102
47866934000174
08773135000100
13427325000105
19540550000121
13370835000185
13884775000119
13140088000199
40473435000178
15111975000164
07138049000154
24313102000125
19468242000132
35523352000106
31680151000161
35810871000155
20018183000180
39908427000128
00604122000197
13935893000109
13203354000185
00714671000114
11351086000113
48632754000190
20757199000104
09089356000118
53908413000135
54024532000198
20308187000100
39696395000144
32192325000100
12473687000161
12102128000145
44663846000187
30980539000115
40276692000110
38320462000169
21995256000156
25104230000121
32343119000153
17079937000105
03816413000137
11992680000193
42283770000139
03546261000108
33608308000173
17643407000130
33448150000111
14868712000131
14525684000150
42366302000128
42278473000103
43180355000112
27351731000138
11285104000106
91669747000192
62421979000129
15581638000130
04862600000110
09464032000112
17167396000169
48703388000113
61021673000112
37880206000163
33040601000187
37241230000152
11760553000169
09313766000109
00122327000136
37715993000198
27214112000100
51342763000151
05351887000186
32402502000135
36583700000101
02773542000122
49288113000123
05676026000178
53720128000196
07512441000111
62448932000159
00411939000149
54647259000158
61723847000199
36947229000185
53505601000112
05192316000146
07799277000175
11581339000145
34337707000100
49703913000163
47873449000128
39587424000130
35479592000150
39664698000185
35551187000104
36321990000107
37229413000152
32997490000139
53842122000191
38224857000168
06249129000114
56392166000155
20443996000117
14388334000199
33147315000115
62307848000115
17184037000110
71027866000134
65913436000117
61088183000133
03017677000120
04184779000101
13009717000146
09274232000102
03215790000110
31895683000116
15124464000187
03609817000150
03532415000102
13220493000117
03502968000104
07656500000125
46518205000164
07207996000150
15114366000169
10690848000143
17351180000159
34111187000112
48795256000169
33603457000140
02819125000173
68900810000138
11476673000139
04814563000174
61033106000186
61820817000109
33466988000138
27652684000162
74828799000145
60850229000147
29162769000198
10371492000185
01852137000137
31749596000150
31880826000116
42272526000170
00517645000104
57839805000140
33644196000106
09105360000122
17453575000162
59118133000100
45246410000155
07679404000100
50489148000100
12392983000138
00556603000174
13059145000100
11970623000103
32062580000138
11703662000144
02318507000113
00795423000145
54403563000150
44189447000126
78632767000120
02685483000130
34711571000156
33588252000132
00997185000150
78626983000163
03751794000113
61182408000116
33042151000161
28811341000166
19307785000178
36864992000142
34169557000172
61384004000105
15357060000133
33862244000132
03323840000183
62287735000103
36113876000191
28650236000192
68757681000170
62285390000140
13720915000113
18520834000193
92875780000131
04257795000179
15173776000180
08673569000120
02992317000187
20155248000139
11495073000118
18684408000195
87963450000168
80271455000180